0.702   0.171   2.80098e-05
0.711   0.171   4.83132e-05
0.72   0.171   5.90219e-05
0.729   0.171   6.4635e-05
0.738   0.171   6.784e-05
0.747   0.171   7.01814e-05
0.756   0.171   7.29958e-05
0.765   0.171   7.84179e-05
0.711   0.18   5.50165e-05
0.765   0.18   0.000116513
0.774   0.18   0.00012172
0.711   0.189   4.61432e-05
0.774   0.189   0.000141064
0.783   0.189   0.000145675
0.72   0.198   5.34277e-05
0.783   0.198   0.000154986
0.792   0.198   0.000158913
0.729   0.207   7.02034e-05
0.792   0.207   0.000163537
0.801   0.207   0.000167011
0.729   0.216   5.26176e-05
0.801   0.216   0.000170588
0.81   0.216   0.000174534
0.738   0.225   7.27993e-05
0.81   0.225   0.000179574
0.819   0.225   0.000185389
0.738   0.234   5.50758e-05
0.819   0.234   0.000193931
0.828   0.234   0.000203217
0.747   0.243   8.89485e-05
0.828   0.243   0.000216803
0.837   0.243   0.000230452
0.846   0.243   0.000266875
0.747   0.252   9.4886e-05
0.837   0.252   0.000246281
0.846   0.252   0.00025924
0.855   0.252   0.000261828
0.747   0.261   0.000116807
0.846   0.261   0.000236643
0.855   0.261   0.000216724
0.954   0.261   7.34055e-05
0.747   0.27   0.000138261
0.855   0.27   0.000199431
0.864   0.27   0.000184742
0.927   0.27   0.000169711
0.936   0.27   0.000171109
0.945   0.27   0.00014872
0.954   0.27   9.8066e-05
0.513   0.279   4.95796e-05
0.522   0.279   4.96507e-05
0.738   0.279   9.41488e-05
0.864   0.279   0.000174564
0.873   0.279   0.000166076
0.918   0.279   0.000160237
0.927   0.279   0.000163
0.936   0.279   0.000170529
0.945   0.279   0.000158467
0.963   0.279   6.94757e-05
1.179   0.279   4.16751e-05
1.188   0.279   4.26992e-05
0.513   0.288   7.81858e-05
0.522   0.288   7.85565e-05
0.729   0.288   7.85836e-05
0.873   0.288   0.000160696
0.882   0.288   0.000156279
0.909   0.288   0.000154199
0.918   0.288   0.000156164
0.963   0.288   9.70142e-05
1.179   0.288   6.23025e-05
1.188   0.288   6.41205e-05
0.504   0.297   6.95643e-05
0.531   0.297   7.52841e-05
0.729   0.297   0.000111339
0.882   0.297   0.00015378
0.891   0.297   0.000151795
0.9   0.297   0.000151328
0.909   0.297   0.000152158
0.972   0.297   7.52335e-05
1.17   0.297   5.67406e-05
1.197   0.297   5.97758e-05
0.504   0.306   0.000103318
0.531   0.306   0.000114053
0.72   0.306   7.65141e-05
0.891   0.306   0.000151118
0.9   0.306   0.000150746
0.981   0.306   6.73081e-05
1.17   0.306   8.0972e-05
1.197   0.306   8.59952e-05
0.495   0.315   8.23739e-05
0.54   0.315   9.21425e-05
0.72   0.315   0.000104874
0.891   0.315   0.000151857
0.9   0.315   0.000151546
0.909   0.315   0.000152702
0.981   0.315   9.49582e-05
1.161   0.315   6.64621e-05
1.206   0.315   6.81953e-05
0.486   0.324   7.31576e-05
0.54   0.324   0.000142072
0.711   0.324   7.03889e-05
0.891   0.324   0.000154424
0.9   0.324   0.000154132
0.909   0.324   0.000155248
0.918   0.324   0.000158533
0.981   0.324   0.00012515
0.99   0.324   6.90676e-05
1.152   0.324   6.08147e-05
1.206   0.324   9.91739e-05
0.486   0.333   0.000105888
0.549   0.333   0.00012491
0.711   0.333   9.17886e-05
0.891   0.333   0.000160323
0.9   0.333   0.000160005
0.918   0.333   0.000163711
0.927   0.333   0.000170166
0.972   0.333   0.000169357
0.981   0.333   0.000143686
0.99   0.333   9.60902e-05
1.152   0.333   8.56468e-05
1.215   0.333   8.49373e-05
0.477   0.342   8.16627e-05
0.558   0.342   0.000135215
0.702   0.342   6.11928e-05
0.891   0.342   0.000172961
0.9   0.342   0.000172586
0.927   0.342   0.000179109
0.936   0.342   0.000185453
0.945   0.342   0.000188362
0.954   0.342   0.000187818
0.963   0.342   0.000183564
0.972   0.342   0.000174316
0.999   0.342   7.46925e-05
1.143   0.342   6.80789e-05
1.224   0.342   9.04885e-05
0.468   0.351   8.07357e-05
0.567   0.351   0.000145349
0.693   0.351   6.09127e-05
0.702   0.351   9.52129e-05
0.711   0.351   0.00011775
0.891   0.351   0.000179424
0.9   0.351   0.000179051
0.936   0.351   0.000187077
0.945   0.351   0.000188905
0.954   0.351   0.000188702
0.963   0.351   0.000186144
1.008   0.351   7.77293e-05
1.134   0.351   6.87412e-05
1.233   0.351   9.58318e-05
0.36   0.36   8.90276e-05
0.369   0.36   0.000139814
0.378   0.36   0.000169005
0.387   0.36   0.000183885
0.396   0.36   0.000187605
0.405   0.36   0.000180893
0.414   0.36   0.000162391
0.423   0.36   0.000127992
0.432   0.36   0.000111739
0.441   0.36   0.000104669
0.45   0.36   0.000103697
0.459   0.36   0.000110907
0.576   0.36   0.000202405
0.585   0.36   0.000167544
0.594   0.36   0.000135948
0.603   0.36   0.000121359
0.612   0.36   0.000114418
0.621   0.36   0.000111033
0.63   0.36   0.000109277
0.639   0.36   0.000108162
0.648   0.36   0.000107082
0.657   0.36   0.000105515
0.666   0.36   0.000102817
0.675   0.36   9.80771e-05
0.684   0.36   9.02728e-05
0.711   0.36   0.000127432
0.72   0.36   0.000135202
0.891   0.36   0.000182709
0.9   0.36   0.000182435
1.017   0.36   0.000122067
1.026   0.36   0.000118026
1.035   0.36   0.000117175
1.044   0.36   0.000116879
1.053   0.36   0.000116492
1.062   0.36   0.000115818
1.071   0.36   0.000114695
1.08   0.36   0.000112844
1.089   0.36   0.000109711
1.098   0.36   0.000104188
1.107   0.36   9.39567e-05
1.116   0.36   9.10066e-05
1.125   0.36   9.52999e-05
1.242   0.36   0.000133265
1.251   0.36   0.000117185
1.26   0.36   0.000103896
1.269   0.36   8.37418e-05
1.278   0.36   7.56521e-05
1.287   0.36   7.22934e-05
1.296   0.36   7.07417e-05
1.305   0.36   6.96934e-05
1.314   0.36   6.83234e-05
1.323   0.36   6.55741e-05
1.332   0.36   5.9153e-05
1.341   0.36   4.30492e-05
0.36   0.369   0.00014022
0.45   0.369   0.000159085
0.459   0.369   0.000162416
0.63   0.369   0.0001738
0.639   0.369   0.000171798
0.72   0.369   0.000138779
0.729   0.369   0.000143004
0.891   0.369   0.000184373
0.9   0.369   0.00018433
1.125   0.369   0.000137506
1.134   0.369   0.000144516
1.278   0.369   0.00011365
1.287   0.369   0.000107722
1.341   0.369   5.94014e-05
0.36   0.378   0.00017065
0.459   0.378   0.000187951
0.468   0.378   0.000193409
0.621   0.378   0.000218645
0.63   0.378   0.000214872
0.729   0.378   0.000146672
0.738   0.378   0.000151683
0.882   0.378   0.000185857
0.891   0.378   0.000185185
1.134   0.378   0.000158686
1.143   0.378   0.000161814
1.269   0.378   0.000152131
1.278   0.378   0.000134812
1.341   0.378   6.67256e-05
0.36   0.387   0.00018809
0.459   0.387   0.000200625
0.468   0.387   0.00020284
0.612   0.387   0.000256725
0.621   0.387   0.000249615
0.738   0.387   0.000158429
0.747   0.387   0.000167254
0.882   0.387   0.000185622
0.891   0.387   0.000185434
1.134   0.387   0.000165842
1.143   0.387   0.000166333
1.26   0.387   0.000212477
1.269   0.387   0.000168689
1.341   0.387   7.18797e-05
0.36   0.396   0.000196308
0.459   0.396   0.00020615
0.468   0.396   0.000206642
0.603   0.396   0.000297275
0.612   0.396   0.000285115
0.747   0.396   0.000179544
0.756   0.396   0.000196278
0.882   0.396   0.000184533
0.891   0.396   0.000185019
1.143   0.396   0.000167853
1.152   0.396   0.000168986
1.251   0.396   0.00024699
1.26   0.396   0.000227407
1.341   0.396   7.90729e-05
0.36   0.405   0.000196899
0.459   0.405   0.000206958
0.468   0.405   0.00020645
0.585   0.405   0.000390059
0.594   0.405   0.000343784
0.603   0.405   0.000326489
0.756   0.405   0.000214976
0.765   0.405   0.00024707
0.774   0.405   0.000258928
0.882   0.405   0.00018197
0.891   0.405   0.000183351
1.143   0.405   0.000166715
1.152   0.405   0.000166904
1.242   0.405   0.000254728
1.251   0.405   0.00025275
1.341   0.405   9.38226e-05
0.36   0.414   0.000189892
0.459   0.414   0.000203663
0.468   0.414   0.000202545
0.576   0.414   0.000384782
0.585   0.414   0.000382829
0.594   0.414   0.000368637
0.765   0.414   0.00025974
0.774   0.414   0.000252805
0.783   0.414   0.000246998
0.873   0.414   0.000176319
0.882   0.414   0.000176579
1.143   0.414   0.000162062
1.152   0.414   0.000161401
1.242   0.414   0.000241779
1.251   0.414   0.000251502
1.341   0.414   0.000127505
0.36   0.423   0.000173673
0.459   0.423   0.000195434
0.468   0.423   0.000193962
0.576   0.423   0.00032191
0.585   0.423   0.000351054
0.783   0.423   0.000213885
0.792   0.423   0.000205029
0.873   0.423   0.000164672
0.882   0.423   0.000165706
1.143   0.423   0.000151379
1.152   0.423   0.000149984
1.233   0.423   0.000196268
1.242   0.423   0.000208052
1.341   0.423   0.000206853
0.36   0.432   0.00016518
0.468   0.432   0.000189074
0.477   0.432   0.000189604
0.567   0.432   0.000271604
0.576   0.432   0.000295561
0.792   0.432   0.000188269
0.801   0.432   0.000181615
0.864   0.432   0.000159085
0.873   0.432   0.000159123
1.152   0.432   0.000144709
1.161   0.432   0.000144643
1.224   0.432   0.000171499
1.233   0.432   0.000179994
1.341   0.432   0.000266927
0.36   0.441   0.000161923
0.468   0.441   0.000186246
0.477   0.441   0.000186253
0.558   0.441   0.00023882
0.567   0.441   0.000254559
0.801   0.441   0.000173257
0.81   0.441   0.000169047
0.864   0.441   0.000156175
0.873   0.441   0.000156783
1.152   0.441   0.000142575
1.161   0.441   0.000142005
1.215   0.441   0.000158636
1.224   0.441   0.000163981
1.341   0.441   0.000317828
0.36   0.45   0.00016422
0.468   0.45   0.000184592
0.477   0.45   0.000184296
0.549   0.45   0.000219236
0.558   0.45   0.000228885
0.81   0.45   0.000165204
0.819   0.45   0.000162712
0.837   0.45   0.000159186
0.846   0.45   0.000156593
0.855   0.45   0.000155466
0.864   0.45   0.000155379
0.873   0.45   0.000156388
1.161   0.45   0.000141461
1.17   0.45   0.000141917
1.179   0.45   0.000143737
1.188   0.45   0.000147638
1.197   0.45   0.000150255
1.206   0.45   0.000152668
1.215   0.45   0.000156
1.341   0.45   0.000370591
0.36   0.459   0.000177442
0.468   0.459   0.000183618
0.477   0.459   0.000183177
0.54   0.459   0.000208074
0.549   0.459   0.000213952
0.819   0.459   0.000161542
0.828   0.459   0.00016011
0.837   0.459   0.000158768
0.846   0.459   0.000156699
0.855   0.459   0.000156058
0.873   0.459   0.000157705
0.882   0.459   0.000160728
1.161   0.459   0.000142762
1.17   0.459   0.000143075
1.179   0.459   0.000144732
1.188   0.459   0.000148476
1.197   0.459   0.000150989
1.206   0.459   0.000153425
1.341   0.459   0.000446724
0.351   0.468   0.000119611
0.468   0.468   0.000183046
0.477   0.468   0.000182573
0.486   0.468   0.000183115
0.495   0.468   0.000184777
0.504   0.468   0.000188102
0.513   0.468   0.000194305
0.522   0.468   0.000198409
0.531   0.468   0.00020181
0.54   0.468   0.000205711
0.819   0.468   0.000162172
0.828   0.468   0.000161171
0.882   0.468   0.000164726
0.891   0.468   0.000171257
1.161   0.468   0.000146676
1.17   0.468   0.000147018
1.206   0.468   0.000157945
1.215   0.468   0.000161791
1.35   0.468   0.000303994
0.342   0.477   0.00011278
0.468   0.477   0.000182723
0.477   0.477   0.00018231
0.486   0.477   0.000182859
0.495   0.477   0.0001845
0.504   0.477   0.000187792
0.513   0.477   0.000193953
0.522   0.477   0.000198013
0.531   0.477   0.000201372
0.81   0.477   0.000166336
0.819   0.477   0.000164754
0.891   0.477   0.00017979
0.9   0.477   0.000192727
1.152   0.477   0.000156408
1.161   0.477   0.000155482
1.215   0.477   0.000172891
1.224   0.477   0.000180459
1.359   0.477   0.000277375
0.324   0.486   9.37555e-05
0.333   0.486   0.000140238
0.468   0.486   0.00018259
0.477   0.486   0.000182322
0.81   0.486   0.000170869
0.819   0.486   0.000170367
0.9   0.486   0.000209387
0.909   0.486   0.000233448
1.152   0.486   0.000174927
1.161   0.486   0.000174315
1.224   0.486   0.000204554
1.233   0.486   0.000220011
1.368   0.486   0.000313581
1.377   0.486   0.000184871
0.315   0.495   9.50742e-05
0.468   0.495   0.000182674
0.477   0.495   0.000182632
0.486   0.495   0.000183552
0.801   0.495   0.000182205
0.81   0.495   0.000179963
0.909   0.495   0.000264177
0.918   0.495   0.000305038
1.152   0.495   0.000214156
1.161   0.495   0.000214187
1.233   0.495   0.000270792
1.242   0.495   0.000301626
1.386   0.495   0.000185588
0.297   0.504   6.5196e-05
0.306   0.504   9.84055e-05
0.459   0.504   0.000183802
0.468   0.504   0.000183107
0.486   0.504   0.000184648
0.495   0.504   0.000187472
0.801   0.504   0.000198046
0.81   0.504   0.000197715
0.918   0.504   0.000357463
0.927   0.504   0.000412901
1.143   0.504   0.000299145
1.152   0.504   0.000297172
1.242   0.504   0.000407692
1.251   0.504   0.000464981
1.395   0.504   0.000192606
1.404   0.504   0.000112492
0.279   0.513   3.87808e-05
0.288   0.513   5.7627e-05
0.459   0.513   0.000184448
0.468   0.513   0.000184184
0.495   0.513   0.000190209
0.504   0.513   0.000197764
0.792   0.513   0.000234129
0.801   0.513   0.000229905
0.927   0.513   0.000486972
0.936   0.513   0.000468164
1.143   0.513   0.000473776
1.152   0.513   0.00047277
1.251   0.513   0.000686599
1.26   0.513   0.000769959
1.413   0.513   9.47595e-05
1.422   0.513   4.30871e-05
0.279   0.522   3.86499e-05
0.288   0.522   5.68979e-05
0.45   0.522   0.000185476
0.459   0.522   0.000184988
0.504   0.522   0.000201363
0.513   0.522   0.000219337
0.792   0.522   0.000250562
0.801   0.522   0.000248566
0.936   0.522   0.000435396
0.945   0.522   0.000405649
1.134   0.522   0.000604118
1.143   0.522   0.000599337
1.26   0.522   0.000884415
1.269   0.522   0.000942256
1.413   0.522   8.53561e-05
0.297   0.531   5.17485e-05
0.306   0.531   7.27377e-05
0.423   0.531   0.000186219
0.432   0.531   0.000186324
0.441   0.531   0.000186062
0.45   0.531   0.000185893
0.513   0.531   0.000223205
0.522   0.531   0.000234031
0.792   0.531   0.000259608
0.801   0.531   0.000259675
0.945   0.531   0.000367177
0.954   0.531   0.000344807
1.134   0.531   0.000687598
1.143   0.531   0.0006858
1.269   0.531   0.00098325
1.278   0.531   0.00100839
1.395   0.531   0.000175609
1.404   0.531   0.000105176
0.315   0.54   5.62991e-05
0.324   0.54   7.8789e-05
0.405   0.54   0.000178708
0.414   0.54   0.000180606
0.423   0.54   0.000184228
0.432   0.54   0.000185984
0.441   0.54   0.000186916
0.522   0.54   0.000237559
0.531   0.54   0.000244176
0.783   0.54   0.000269147
0.792   0.54   0.000264958
0.954   0.54   0.00031533
0.963   0.54   0.000302849
1.125   0.54   0.000742521
1.134   0.54   0.000739063
1.278   0.54   0.00101633
1.287   0.54   0.00101682
1.377   0.54   0.000237056
1.386   0.54   0.000145497
0.333   0.549   6.46979e-05
0.396   0.549   0.000173924
0.405   0.549   0.000176463
0.414   0.549   0.000179718
0.531   0.549   0.000247604
0.54   0.549   0.000251845
0.783   0.549   0.000271345
0.792   0.549   0.000268944
0.963   0.549   0.000282626
0.972   0.549   0.000279436
1.125   0.549   0.000763676
1.134   0.549   0.000763616
1.287   0.549   0.0010071
1.296   0.549   0.000987228
1.368   0.549   0.00020016
0.342   0.558   6.63165e-05
0.387   0.558   0.000168149
0.396   0.558   0.000172277
0.54   0.558   0.000255489
0.549   0.558   0.000258608
0.783   0.558   0.000274216
0.792   0.558   0.000273451
0.801   0.558   0.000277183
0.963   0.558   0.000269487
0.972   0.558   0.000265504
1.125   0.558   0.000761308
1.134   0.558   0.000763794
1.296   0.558   0.000966144
1.305   0.558   0.000925646
1.359   0.558   0.000205375
0.351   0.567   6.83987e-05
0.378   0.567   0.000157343
0.387   0.567   0.000165549
0.549   0.567   0.000262798
0.558   0.567   0.000265656
0.774   0.567   0.000282141
0.783   0.567   0.000279614
0.801   0.567   0.000285127
0.81   0.567   0.000294176
0.963   0.567   0.000258791
0.972   0.567   0.000254838
1.116   0.567   0.000734313
1.125   0.567   0.000735674
1.305   0.567   0.000895496
1.314   0.567   0.000829313
1.35   0.567   0.000224388
0.36   0.576   9.26725e-05
0.369   0.576   0.000132804
0.378   0.576   0.000151989
0.558   0.576   0.000270787
0.567   0.576   0.000273522
0.576   0.576   0.000279915
0.765   0.576   0.000289323
0.774   0.576   0.000288297
0.81   0.576   0.000307309
0.819   0.576   0.000320887
0.963   0.576   0.000247553
0.972   0.576   0.000244241
1.107   0.576   0.00068252
1.116   0.576   0.000682765
1.314   0.576   0.000791513
1.323   0.576   0.000689307
1.341   0.576   0.00033438
0.36   0.585   8.43493e-05
0.369   0.585   0.000125457
0.567   0.585   0.00027989
0.576   0.585   0.000280393
0.585   0.585   0.000283865
0.756   0.585   0.000280623
0.765   0.585   0.000290783
0.819   0.585   0.000341208
0.828   0.585   0.000355152
0.963   0.585   0.000233304
0.972   0.585   0.000231048
1.107   0.585   0.000603332
1.116   0.585   0.000602777
1.323   0.585   0.00064942
1.332   0.585   0.000500216
1.341   0.585   0.000291067
0.36   0.594   7.83063e-05
0.576   0.594   0.000287741
0.585   0.594   0.000275517
0.747   0.594   0.000215286
0.756   0.594   0.000240715
0.828   0.594   0.000384678
0.837   0.594   0.000379063
0.963   0.594   0.000213139
0.972   0.594   0.000212081
1.107   0.594   0.000489801
1.116   0.594   0.000487418
1.332   0.594   0.00046899
1.341   0.594   0.000268825
0.36   0.603   7.60555e-05
0.585   0.603   0.000267724
0.594   0.603   0.000227423
0.738   0.603   0.000176385
0.747   0.603   0.000191725
0.837   0.603   0.000370213
0.846   0.603   0.000316205
0.963   0.603   0.000201423
0.972   0.603   0.000201289
1.116   0.603   0.000418682
1.125   0.603   0.000419059
1.341   0.603   0.000256987
0.36   0.612   7.52136e-05
0.594   0.612   0.000217427
0.603   0.612   0.00019635
0.729   0.612   0.000156035
0.738   0.612   0.000164003
0.846   0.612   0.000297644
0.855   0.612   0.000266639
0.963   0.612   0.000194724
0.972   0.612   0.000195162
1.116   0.612   0.000377782
1.125   0.612   0.000377947
1.341   0.612   0.000249988
0.36   0.621   7.4922e-05
0.603   0.621   0.000189617
0.612   0.621   0.000178776
0.72   0.621   0.000146106
0.729   0.621   0.000149892
0.855   0.621   0.000253696
0.864   0.621   0.000236416
0.963   0.621   0.000191145
0.972   0.621   0.00019183
1.116   0.621   0.000353743
1.125   0.621   0.000354006
1.341   0.621   0.000245503
0.36   0.63   7.48694e-05
0.612   0.63   0.000174734
0.621   0.63   0.000169266
0.711   0.63   0.000141833
0.72   0.63   0.000143335
0.864   0.63   0.000230882
0.873   0.63   0.000221731
0.882   0.63   0.000216949
0.891   0.63   0.000214004
0.9   0.63   0.000211572
0.909   0.63   0.000208949
0.918   0.63   0.000205729
0.927   0.63   0.000201624
0.936   0.63   0.000196259
0.945   0.63   0.000192686
0.954   0.63   0.000190528
0.963   0.63   0.000189685
0.972   0.63   0.000190325
1.116   0.63   0.000340256
1.125   0.63   0.000340944
1.341   0.63   0.000242466
0.36   0.639   7.49797e-05
0.621   0.639   0.000166832
0.63   0.639   0.000164113
0.693   0.639   0.000142276
0.702   0.639   0.00014095
0.711   0.639   0.000141066
0.864   0.639   0.000233087
0.873   0.639   0.000224246
0.882   0.639   0.000219644
0.891   0.639   0.000216741
0.9   0.639   0.000214219
0.909   0.639   0.000211382
0.918   0.639   0.000207845
0.927   0.639   0.000203353
0.936   0.639   0.000197573
0.945   0.639   0.000193622
0.954   0.639   0.000191128
0.963   0.639   0.000189967
0.972   0.639   0.000190255
1.116   0.639   0.000333933
1.125   0.639   0.000335527
1.134   0.639   0.0003396
1.143   0.639   0.000346771
1.341   0.639   0.0002404
0.36   0.648   7.53409e-05
0.63   0.648   0.000162457
0.639   0.648   0.0001611
0.684   0.648   0.000146021
0.693   0.648   0.000142786
0.702   0.648   0.000141761
0.711   0.648   0.00014205
0.855   0.648   0.000259885
0.864   0.648   0.000244071
0.972   0.648   0.000191696
0.981   0.648   0.000193253
1.098   0.648   0.000335292
1.107   0.648   0.00033234
1.116   0.648   0.000333445
1.125   0.648   0.000336778
1.134   0.648   0.000341752
1.143   0.648   0.000348874
1.152   0.648   0.000359839
1.341   0.648   0.000239202
0.36   0.657   7.62862e-05
0.639   0.657   0.000159608
0.648   0.657   0.000158949
0.666   0.657   0.000157204
0.675   0.657   0.000154466
0.684   0.657   0.000147693
0.711   0.657   0.000145493
0.72   0.657   0.0001472
0.846   0.657   0.000307179
0.855   0.657   0.000280063
0.981   0.657   0.000195731
0.99   0.657   0.000199179
1.089   0.657   0.000327101
1.098   0.657   0.000331541
1.107   0.657   0.000333692
1.152   0.657   0.000369285
1.161   0.657   0.000383822
1.341   0.657   0.000239183
0.36   0.666   7.87284e-05
0.369   0.666   0.000117868
0.648   0.666   0.000157079
0.657   0.666   0.000157078
0.666   0.666   0.000157079
0.675   0.666   0.000156278
0.72   0.666   0.000155554
0.729   0.666   0.000158988
0.837   0.666   0.000380173
0.846   0.666   0.000334689
0.99   0.666   0.000202869
0.999   0.666   0.000208853
1.08   0.666   0.000306997
1.089   0.666   0.000315849
1.161   0.666   0.00040114
1.17   0.666   0.000416769
1.341   0.666   0.000241425
0.36   0.675   8.51928e-05
0.369   0.675   0.000127015
0.378   0.675   0.000148521
0.648   0.675   0.000153395
0.657   0.675   0.000154301
0.729   0.675   0.000177293
0.738   0.675   0.000182907
0.828   0.675   0.000384804
0.837   0.675   0.000394441
0.999   0.675   0.00021353
1.008   0.675   0.000220748
1.071   0.675   0.000271737
1.08   0.675   0.000280515
1.17   0.675   0.000440507
1.179   0.675   0.000446275
1.341   0.675   0.000248996
0.36   0.684   0.000103192
0.378   0.684   0.000171107
0.387   0.684   0.000184142
0.639   0.684   0.00014491
0.648   0.684   0.000145605
0.738   0.684   0.000221978
0.747   0.684   0.000228674
0.819   0.684   0.000321106
0.828   0.684   0.000348231
0.999   0.684   0.000226965
1.008   0.684   0.000222982
1.062   0.684   0.000217012
1.071   0.684   0.000222689
1.179   0.684   0.000465361
1.188   0.684   0.000402271
1.341   0.684   0.000271063
0.351   0.693   7.97431e-05
0.387   0.693   0.000196573
0.396   0.693   0.000204156
0.63   0.693   0.000140854
0.639   0.693   0.000141096
0.747   0.693   0.00024455
0.756   0.693   0.000245841
0.765   0.693   0.000242178
0.81   0.693   0.000275969
0.819   0.693   0.000297964
1.008   0.693   0.000221774
1.017   0.693   0.000200396
1.053   0.693   0.000189866
1.062   0.693   0.000192904
1.188   0.693   0.000373491
1.197   0.693   0.000329398
1.35   0.693   0.000167196
0.171   0.702   4.08523e-05
0.342   0.702   8.10928e-05
0.396   0.702   0.000209113
0.405   0.702   0.000212194
0.414   0.702   0.00021356
0.63   0.702   0.000138906
0.639   0.702   0.000139389
0.756   0.702   0.00024797
0.765   0.702   0.000237185
0.774   0.702   0.00023447
0.801   0.702   0.000247751
0.81   0.702   0.000262006
1.017   0.702   0.000195076
1.026   0.702   0.00018367
1.044   0.702   0.000177496
1.053   0.702   0.000178214
1.197   0.702   0.000305084
1.206   0.702   0.000279337
1.359   0.702   0.000115424
1.53   0.702   3.02439e-05
0.171   0.711   8.53274e-05
0.18   0.711   0.000105865
0.189   0.711   8.96779e-05
0.324   0.711   7.9748e-05
0.333   0.711   0.000110761
0.405   0.711   0.000213161
0.414   0.711   0.000210689
0.423   0.711   0.000203435
0.621   0.711   0.000137989
0.63   0.711   0.000138055
0.774   0.711   0.000229329
0.783   0.711   0.000228892
0.792   0.711   0.000232181
0.801   0.711   0.000240009
1.026   0.711   0.000179715
1.035   0.711   0.000174067
1.044   0.711   0.000172116
1.053   0.711   0.000172578
1.206   0.711   0.000263423
1.215   0.711   0.00025078
1.368   0.711   0.000104744
1.377   0.711   6.51187e-05
1.512   0.711   5.0223e-05
1.521   0.711   6.02171e-05
1.53   0.711   5.35626e-05
0.171   0.72   0.000119687
0.198   0.72   0.000122769
0.306   0.72   8.01017e-05
0.315   0.72   0.000113254
0.423   0.72   0.000200703
0.432   0.72   0.000195731
0.603   0.72   0.000138558
0.612   0.72   0.00013788
0.621   0.72   0.000137658
0.63   0.72   0.00013783
0.774   0.72   0.000226801
0.783   0.72   0.000225595
0.792   0.72   0.00022846
1.035   0.72   0.000171746
1.044   0.72   0.000169569
1.053   0.72   0.000169894
1.215   0.72   0.000241751
1.224   0.72   0.000238407
1.386   0.72   7.99784e-05
1.395   0.72   5.67111e-05
1.503   0.72   5.98005e-05
1.53   0.72   6.68521e-05
0.171   0.729   0.000145954
0.207   0.729   0.000187702
0.216   0.729   0.000132185
0.288   0.729   7.67728e-05
0.297   0.729   0.000110419
0.432   0.729   0.000193845
0.441   0.729   0.000189817
0.558   0.729   0.000144991
0.567   0.729   0.000144472
0.576   0.729   0.000143738
0.585   0.729   0.000142412
0.594   0.729   0.000139779
0.603   0.729   0.000138552
0.612   0.729   0.000138022
0.621   0.729   0.000137895
0.774   0.729   0.000225624
0.783   0.729   0.000224299
1.044   0.729   0.000168489
1.053   0.729   0.000168744
1.215   0.729   0.000238088
1.224   0.729   0.000234558
1.404   0.729   7.50389e-05
1.413   0.729   5.45249e-05
1.485   0.729   6.15821e-05
1.494   0.729   8.2522e-05
1.53   0.729   7.48722e-05
0.171   0.738   0.000165787
0.225   0.738   0.000201083
0.234   0.738   0.00013757
0.279   0.738   8.67047e-05
0.441   0.738   0.000187773
0.45   0.738   0.000184313
0.54   0.738   0.000145933
0.549   0.738   0.00014527
0.558   0.738   0.000144862
0.567   0.738   0.000144484
0.576   0.738   0.000143915
0.585   0.738   0.000142794
0.594   0.738   0.000140384
0.621   0.738   0.00013888
0.63   0.738   0.00013913
0.774   0.738   0.000225411
0.783   0.738   0.000224554
1.044   0.738   0.00016839
1.053   0.738   0.000168625
1.215   0.738   0.000238812
1.224   0.738   0.00023552
1.233   0.738   0.000239046
1.413   0.738   9.34527e-05
1.422   0.738   6.19745e-05
1.467   0.738   6.82573e-05
1.476   0.738   9.17377e-05
1.53   0.738   8.09586e-05
0.171   0.747   0.000179941
0.243   0.747   0.000209375
0.252   0.747   0.000171473
0.261   0.747   0.000138271
0.27   0.747   0.000129887
0.279   0.747   0.000152908
0.45   0.747   0.000180421
0.459   0.747   0.000177644
0.531   0.747   0.000147345
0.54   0.747   0.000146366
0.549   0.747   0.000145891
0.63   0.747   0.000141511
0.639   0.747   0.000142166
0.765   0.747   0.000229726
0.774   0.747   0.000226523
1.044   0.747   0.000169417
1.053   0.747   0.000169685
1.206   0.747   0.000254691
1.215   0.747   0.00024531
1.233   0.747   0.000245287
1.242   0.747   0.000254481
1.404   0.747   0.000128703
1.413   0.747   0.000120799
1.431   0.747   9.49317e-05
1.44   0.747   9.80574e-05
1.449   0.747   0.000104114
1.458   0.747   0.000113365
1.53   0.747   8.7578e-05
0.171   0.756   0.000188742
0.27   0.756   0.000183489
0.279   0.756   0.000181024
0.459   0.756   0.000169709
0.468   0.756   0.000167772
0.522   0.756   0.000149883
0.531   0.756   0.000148628
0.639   0.756   0.000147327
0.648   0.756   0.000148519
0.756   0.756   0.000231232
0.765   0.756   0.000228931
0.774   0.756   0.000230492
0.783   0.756   0.000233132
1.035   0.756   0.000173445
1.044   0.756   0.000172438
1.197   0.756   0.000280813
1.206   0.756   0.00026785
1.242   0.756   0.000267448
1.251   0.756   0.000279758
1.395   0.756   0.00014524
1.404   0.756   0.000142207
1.53   0.756   9.68724e-05
0.171   0.765   0.000192187
0.27   0.765   0.000183897
0.279   0.765   0.000170016
0.468   0.765   0.000152302
0.477   0.765   0.000151212
0.513   0.765   0.000152155
0.522   0.765   0.000152353
0.648   0.765   0.000159494
0.657   0.765   0.000161257
0.747   0.765   0.000203744
0.756   0.765   0.000211901
0.783   0.765   0.000247263
0.792   0.765   0.000252053
1.017   0.765   0.000182089
1.026   0.765   0.000180666
1.035   0.765   0.000179742
1.044   0.765   0.000179498
1.053   0.765   0.000179995
1.188   0.765   0.000305805
1.197   0.765   0.000302806
1.251   0.765   0.000301893
1.26   0.765   0.000303871
1.386   0.765   0.00015833
1.395   0.765   0.000155577
1.53   0.765   0.00010849
0.171   0.774   0.000196663
0.279   0.774   0.000165819
0.288   0.774   0.000158884
0.477   0.774   0.000144214
0.486   0.774   0.000143912
0.504   0.774   0.00014605
0.513   0.774   0.000151107
0.657   0.774   0.000165996
0.666   0.774   0.000167749
0.738   0.774   0.000186227
0.747   0.774   0.000192089
0.792   0.774   0.000260231
0.801   0.774   0.000264994
1.008   0.774   0.000174797
1.017   0.774   0.000180332
1.026   0.774   0.000182129
1.053   0.774   0.000183634
1.062   0.774   0.000184772
1.179   0.774   0.000269374
1.188   0.774   0.000298386
1.26   0.774   0.000297228
1.269   0.774   0.000267137
1.386   0.774   0.00016193
1.395   0.774   0.00016091
1.53   0.774   0.000119571
0.171   0.783   0.000203757
0.288   0.783   0.000155418
0.297   0.783   0.00015378
0.477   0.783   0.000141107
0.486   0.783   0.000140992
0.495   0.783   0.000141822
0.504   0.783   0.00014433
0.666   0.783   0.000169279
0.675   0.783   0.000170161
0.684   0.783   0.000170531
0.693   0.783   0.000171575
0.702   0.783   0.000172694
0.711   0.783   0.000173789
0.72   0.783   0.000175058
0.729   0.783   0.000176982
0.738   0.783   0.000180519
0.801   0.783   0.000269248
0.81   0.783   0.000272719
0.972   0.783   0.000171126
0.981   0.783   0.00016944
0.99   0.783   0.00016883
0.999   0.783   0.000169455
1.008   0.783   0.000172313
1.062   0.783   0.000186533
1.071   0.783   0.000187888
1.17   0.783   0.000237039
1.179   0.783   0.000254231
1.269   0.783   0.000253182
1.278   0.783   0.000235644
1.386   0.783   0.000163468
1.395   0.783   0.000163653
1.53   0.783   0.000129209
0.171   0.792   0.000219259
0.288   0.792   0.000154105
0.297   0.792   0.000151935
0.477   0.792   0.000139867
0.486   0.792   0.000139835
0.495   0.792   0.000140852
0.675   0.792   0.000170912
0.684   0.792   0.00017037
0.693   0.792   0.000170659
0.702   0.792   0.000171289
0.711   0.792   0.000172137
0.72   0.792   0.000173357
0.729   0.792   0.000175421
0.81   0.792   0.000274676
0.819   0.792   0.000275397
0.828   0.792   0.000274492
0.837   0.792   0.000270318
0.954   0.792   0.000175254
0.963   0.792   0.000171487
0.972   0.792   0.000169508
0.981   0.792   0.000168571
0.99   0.792   0.000168477
0.999   0.792   0.000169575
1.071   0.792   0.000188767
1.08   0.792   0.000190013
1.161   0.792   0.000216068
1.17   0.792   0.000225926
1.278   0.792   0.000226251
1.287   0.792   0.000216463
1.296   0.792   0.000211694
1.305   0.792   0.000208967
1.314   0.792   0.000206735
1.323   0.792   0.000204118
1.332   0.792   0.000200487
1.341   0.792   0.000195216
1.35   0.792   0.000187442
1.359   0.792   0.000175673
1.386   0.792   0.000164102
1.395   0.792   0.000165017
1.53   0.792   0.000141564
0.162   0.801   0.000111769
0.288   0.801   0.000153818
0.297   0.801   0.000151464
0.477   0.801   0.000139666
0.486   0.801   0.000139651
0.495   0.801   0.000140708
0.504   0.801   0.000143589
0.819   0.801   0.000276734
0.828   0.801   0.000272893
0.837   0.801   0.000265079
0.846   0.801   0.000250363
0.936   0.801   0.000191371
0.945   0.801   0.000181328
0.954   0.801   0.000176579
0.963   0.801   0.000174373
1.08   0.801   0.00019095
1.089   0.801   0.000191867
1.098   0.801   0.000193255
1.107   0.801   0.000195197
1.116   0.801   0.000196854
1.125   0.801   0.000198318
1.152   0.801   0.000204369
1.161   0.801   0.000209732
1.287   0.801   0.000213195
1.296   0.801   0.000208084
1.305   0.801   0.000205225
1.314   0.801   0.00020304
1.323   0.801   0.000200634
1.332   0.801   0.000197379
1.341   0.801   0.000192652
1.35   0.801   0.000185569
1.359   0.801   0.00017455
1.368   0.801   0.000168408
1.377   0.801   0.000165259
1.386   0.801   0.000164304
1.539   0.801   8.21501e-05
0.153   0.81   8.52693e-05
0.288   0.81   0.000154343
0.297   0.81   0.000151993
0.477   0.81   0.000140363
0.486   0.81   0.000140308
0.504   0.81   0.000144032
0.513   0.81   0.000150498
0.846   0.81   0.000246473
0.855   0.81   0.000236568
0.918   0.81   0.00021904
0.927   0.81   0.000211131
0.936   0.81   0.00019426
0.945   0.81   0.000187608
1.089   0.81   0.000193942
1.098   0.81   0.000194465
1.107   0.81   0.000195458
1.116   0.81   0.000196228
1.125   0.81   0.000196974
1.134   0.81   0.000197903
1.143   0.81   0.000199364
1.152   0.81   0.00020205
1.278   0.81   0.000226194
1.287   0.81   0.000216536
1.368   0.81   0.000168812
1.377   0.81   0.000165287
1.386   0.81   0.000164167
1.548   0.81   6.92979e-05
0.135   0.819   6.67259e-05
0.144   0.819   9.62778e-05
0.153   0.819   0.000141232
0.288   0.819   0.000156233
0.297   0.819   0.000154022
0.486   0.819   0.000142239
0.495   0.819   0.000142943
0.513   0.819   0.000151225
0.522   0.819   0.000153802
0.855   0.819   0.000232931
0.864   0.819   0.000225509
0.909   0.819   0.000219458
0.918   0.819   0.000219617
0.927   0.819   0.000217083
1.125   0.819   0.000199293
1.134   0.819   0.000199762
1.143   0.819   0.000200847
1.152   0.819   0.000203144
1.161   0.819   0.000207903
1.269   0.819   0.000252689
1.278   0.819   0.000235549
1.377   0.819   0.000165275
1.386   0.819   0.00016346
1.557   0.819   7.90593e-05
1.566   0.819   5.59035e-05
0.117   0.828   6.84629e-05
0.126   0.828   9.74458e-05
0.153   0.828   0.00018232
0.162   0.828   0.000228548
0.288   0.828   0.000161169
0.297   0.828   0.000159216
0.477   0.828   0.000147186
0.486   0.828   0.000146735
0.522   0.828   0.000154215
0.531   0.828   0.00015478
0.864   0.828   0.000219736
0.873   0.828   0.000214418
0.9   0.828   0.000213697
0.909   0.828   0.000217626
1.134   0.828   0.000206051
1.143   0.828   0.00020663
1.161   0.828   0.000211971
1.17   0.828   0.000219848
1.26   0.828   0.000295406
1.269   0.828   0.000266298
1.386   0.828   0.000161471
1.395   0.828   0.00016171
1.575   0.828   7.31154e-05
1.584   0.828   5.26382e-05
0.108   0.837   8.33327e-05
0.162   0.837   0.000259772
0.171   0.837   0.000320043
0.288   0.837   0.000172998
0.297   0.837   0.0001714
0.306   0.837   0.000173437
0.468   0.837   0.0001589
0.477   0.837   0.000157731
0.522   0.837   0.000154497
0.531   0.837   0.000154011
0.873   0.837   0.000203478
0.882   0.837   0.000200872
0.891   0.837   0.00020138
0.9   0.837   0.000205179
1.125   0.837   0.000220247
1.134   0.837   0.000219437
1.17   0.837   0.000226822
1.179   0.837   0.000237192
1.251   0.837   0.000297462
1.26   0.837   0.000300736
1.386   0.837   0.000156548
1.395   0.837   0.000155833
1.593   0.837   5.57511e-05
0.09   0.846   6.09175e-05
0.099   0.846   0.000102597
0.171   0.846   0.000298258
0.18   0.846   0.000293464
0.288   0.846   0.000199984
0.297   0.846   0.000198733
0.306   0.846   0.000200035
0.315   0.846   0.000204405
0.459   0.846   0.000183893
0.468   0.846   0.000182117
0.531   0.846   0.0001516
0.54   0.846   0.000151019
0.855   0.846   0.000209331
0.882   0.846   0.000180597
0.891   0.846   0.000181795
1.116   0.846   0.000250576
1.125   0.846   0.000247386
1.17   0.846   0.000244794
1.179   0.846   0.00024468
1.188   0.846   0.000240083
1.242   0.846   0.00025895
1.251   0.846   0.000272419
1.386   0.846   0.000145227
1.395   0.846   0.000143481
1.602   0.846   6.16219e-05
1.611   0.846   4.70692e-05
0.09   0.855   6.13889e-05
0.099   0.855   0.000104964
0.18   0.855   0.000265364
0.189   0.855   0.000256957
0.279   0.855   0.000215959
0.288   0.855   0.000213574
0.315   0.855   0.000215104
0.324   0.855   0.000218263
0.45   0.855   0.000197679
0.459   0.855   0.000195726
0.54   0.855   0.000149862
0.549   0.855   0.000150205
0.846   0.855   0.000250862
0.855   0.855   0.000205234
0.864   0.855   0.00018387
0.882   0.855   0.000171364
0.891   0.855   0.00017324
1.107   0.855   0.000276064
1.116   0.855   0.000268121
1.179   0.855   0.000246395
1.188   0.855   0.000231217
1.197   0.855   0.000225734
1.233   0.855   0.000233173
1.242   0.855   0.000243838
1.386   0.855   0.000140733
1.395   0.855   0.000138028
1.602   0.855   6.14987e-05
1.611   0.855   4.70447e-05
0.108   0.864   0.000115434
0.189   0.864   0.000235635
0.198   0.864   0.000230755
0.27   0.864   0.000222292
0.279   0.864   0.000221049
0.315   0.864   0.000219508
0.324   0.864   0.000218993
0.441   0.864   0.000203956
0.45   0.864   0.00020272
0.54   0.864   0.000149467
0.549   0.864   0.000149792
0.837   0.864   0.000362089
0.846   0.864   0.000255682
0.864   0.864   0.00018112
0.873   0.864   0.000170554
0.882   0.864   0.00016736
0.891   0.864   0.000169801
1.098   0.864   0.00030466
1.107   0.864   0.000288173
1.197   0.864   0.000218775
1.206   0.864   0.000215589
1.224   0.864   0.000218256
1.233   0.864   0.000224718
1.395   0.864   0.000135681
1.404   0.864   0.000136994
1.584   0.864   7.68782e-05
1.593   0.864   5.44265e-05
0.117   0.873   0.000115941
0.126   0.873   0.000179179
0.198   0.873   0.000217055
0.207   0.873   0.0002152
0.261   0.873   0.000220486
0.27   0.873   0.000222502
0.324   0.873   0.000218475
0.333   0.873   0.000212534
0.432   0.873   0.000204217
0.441   0.873   0.000204974
0.54   0.873   0.000149365
0.549   0.873   0.000149695
0.828   0.873   0.000448542
0.837   0.873   0.000371651
0.873   0.873   0.000169046
0.882   0.873   0.000165697
0.891   0.873   0.000168528
1.089   0.873   0.000325624
1.098   0.873   0.000313482
1.206   0.873   0.000211915
1.215   0.873   0.000211534
1.224   0.873   0.000214346
1.395   0.873   0.000134685
1.404   0.873   0.00013564
1.575   0.873   6.37187e-05
0.135   0.882   0.000129819
0.144   0.882   0.000188616
0.207   0.882   0.000207272
0.216   0.882   0.000207053
0.252   0.882   0.000211506
0.261   0.882   0.000218603
0.333   0.882   0.000210192
0.342   0.882   0.000195621
0.423   0.882   0.000198997
0.432   0.882   0.000203197
0.54   0.882   0.000149353
0.549   0.882   0.000149702
0.819   0.882   0.00051408
0.828   0.882   0.000458554
0.882   0.882   0.000164943
0.891   0.882   0.000167958
1.08   0.882   0.000342675
1.089   0.882   0.000332364
1.206   0.882   0.00021135
1.215   0.882   0.000210925
1.395   0.882   0.000134248
1.404   0.882   0.000134948
1.557   0.882   8.56719e-05
1.566   0.882   5.9532e-05
0.153   0.891   0.000129549
0.216   0.891   0.000202837
0.225   0.891   0.000203327
0.243   0.891   0.000205609
0.252   0.891   0.000209177
0.342   0.891   0.00019324
0.351   0.891   0.00018589
0.414   0.891   0.000187635
0.423   0.891   0.000197258
0.54   0.891   0.000149353
0.549   0.891   0.000149733
0.81   0.891   0.000562708
0.819   0.891   0.000522973
0.882   0.891   0.000164365
0.891   0.891   0.00016734
1.071   0.891   0.000359292
1.08   0.891   0.000348793
1.197   0.891   0.000217379
1.206   0.891   0.000213498
1.215   0.891   0.000213327
1.224   0.891   0.000216375
1.395   0.891   0.00013406
1.404   0.891   0.000134564
1.548   0.891   7.34643e-05
0.162   0.9   0.000105877
0.207   0.9   0.000198754
0.216   0.9   0.000200284
0.234   0.9   0.000201873
0.243   0.9   0.000203396
0.351   0.9   0.000183821
0.36   0.9   0.000180252
0.405   0.9   0.000181111
0.414   0.9   0.000185789
0.54   0.9   0.00014934
0.549   0.9   0.000149766
0.801   0.9   0.000597682
0.81   0.9   0.000570032
0.882   0.9   0.00016351
0.891   0.9   0.000166216
1.062   0.9   0.00037869
1.071   0.9   0.000366389
1.188   0.9   0.000230524
1.197   0.9   0.000222089
1.224   0.9   0.000223075
1.233   0.9   0.000230143
1.395   0.9   0.000134097
1.404   0.9   0.000134411
1.539   0.9   8.18917e-05
0.171   0.909   0.000111927
0.189   0.909   0.000181539
0.198   0.909   0.000191921
0.207   0.909   0.000196784
0.216   0.909   0.000198899
0.225   0.909   0.000199684
0.234   0.909   0.00020006
0.36   0.909   0.0001783
0.369   0.909   0.000176744
0.396   0.909   0.000177094
0.405   0.909   0.00017915
0.54   0.909   0.000149328
0.549   0.909   0.000149826
0.792   0.909   0.000620849
0.801   0.909   0.000603286
0.882   0.909   0.000161953
0.891   0.909   0.000164165
1.053   0.909   0.000403702
1.062   0.909   0.000388486
1.179   0.909   0.000252595
1.188   0.909   0.000236965
1.233   0.909   0.000243506
1.242   0.909   0.00025547
1.395   0.909   0.000134634
1.404   0.909   0.00013469
1.53   0.909   0.000127339
0.171   0.918   0.000100794
0.18   0.918   0.00015238
0.189   0.918   0.000178184
0.198   0.918   0.000190804
0.207   0.918   0.000196591
0.216   0.918   0.00019873
0.225   0.918   0.000198887
0.234   0.918   0.0001981
0.369   0.918   0.000174416
0.378   0.918   0.000173927
0.387   0.918   0.000174004
0.396   0.918   0.000174694
0.54   0.918   0.000149384
0.549   0.918   0.000149991
0.774   0.918   0.000632376
0.783   0.918   0.000631912
0.792   0.918   0.000624355
0.882   0.918   0.000159051
0.891   0.918   0.000160574
1.044   0.918   0.000436227
1.053   0.918   0.000418036
1.17   0.918   0.000255605
1.179   0.918   0.000256176
1.242   0.918   0.000278877
1.251   0.918   0.000295398
1.404   0.918   0.000136073
1.413   0.918   0.000139266
1.53   0.918   0.000113769
0.171   0.927   9.88602e-05
0.18   0.927   0.000151879
0.234   0.927   0.000195644
0.243   0.927   0.000191493
0.378   0.927   0.000170345
0.387   0.927   0.000170391
0.531   0.927   0.0001503
0.54   0.927   0.000149686
0.765   0.927   0.000612679
0.774   0.927   0.000626921
0.783   0.927   0.000632244
0.882   0.927   0.000153601
0.891   0.927   0.000154312
1.035   0.927   0.000475536
1.044   0.927   0.000457183
1.161   0.927   0.000237852
1.17   0.927   0.000245888
1.251   0.927   0.000331687
1.26   0.927   0.000344338
1.413   0.927   0.000141423
1.422   0.927   0.000146906
1.53   0.927   0.000103657
0.171   0.936   0.000101972
0.243   0.936   0.000181588
0.252   0.936   0.000169773
0.378   0.936   0.000163942
0.387   0.936   0.00016397
0.531   0.936   0.000150789
0.54   0.936   0.000150633
0.756   0.936   0.000542164
0.765   0.936   0.000593818
0.882   0.936   0.000143209
0.891   0.936   0.000143115
1.026   0.936   0.00051409
1.035   0.936   0.000506271
1.152   0.936   0.000198243
1.161   0.936   0.000204793
1.26   0.936   0.000387202
1.269   0.936   0.000330995
1.413   0.936   0.000149087
1.422   0.936   0.000148568
1.53   0.936   9.61414e-05
0.171   0.945   0.000102338
0.252   0.945   0.000121097
0.261   0.945   0.000123253
0.378   0.945   0.000160745
0.387   0.945   0.000160814
0.531   0.945   0.000150717
0.54   0.945   0.000150923
0.747   0.945   0.000476214
0.756   0.945   0.000513368
0.882   0.945   0.000138157
0.891   0.945   0.000137407
1.017   0.945   0.000487145
1.026   0.945   0.00050992
1.143   0.945   0.000179284
1.152   0.945   0.000181692
1.269   0.945   0.000311833
1.278   0.945   0.000270504
1.413   0.945   0.000143633
1.422   0.945   0.000136377
1.449   0.945   0.000100651
1.53   0.945   8.92775e-05
0.171   0.954   0.000100425
0.243   0.954   8.3682e-05
0.261   0.954   6.40009e-05
0.27   0.954   8.48588e-05
0.369   0.954   0.000158855
0.378   0.954   0.000159314
0.387   0.954   0.000159535
0.396   0.954   0.000159442
0.405   0.954   0.000158854
0.414   0.954   0.000157332
0.423   0.954   0.000153873
0.432   0.954   0.00015231
0.531   0.954   0.000150517
0.54   0.954   0.000150944
0.738   0.954   0.000428619
0.747   0.954   0.000453783
0.882   0.954   0.000135672
0.891   0.954   0.000134445
1.008   0.954   0.000396062
1.017   0.954   0.000463819
1.143   0.954   0.000171095
1.152   0.954   0.00017427
1.278   0.954   0.000251772
1.287   0.954   0.000226903
1.422   0.954   0.000109377
1.431   0.954   8.43595e-05
1.44   0.954   5.99613e-05
1.458   0.954   6.31318e-05
1.53   0.954   8.4701e-05
0.171   0.963   9.59684e-05
0.225   0.963   0.000104242
0.234   0.963   7.34849e-05
0.279   0.963   5.99736e-05
0.288   0.963   8.20311e-05
0.36   0.963   0.000156407
0.369   0.963   0.000158032
0.378   0.963   0.000159126
0.387   0.963   0.000159688
0.396   0.963   0.000159667
0.405   0.963   0.000158903
0.414   0.963   0.000156996
0.423   0.963   0.000153041
0.432   0.963   0.000151035
0.441   0.963   0.000149986
0.45   0.963   0.000149413
0.459   0.963   0.000149083
0.522   0.963   0.000150037
0.531   0.963   0.000150324
0.729   0.963   0.000395273
0.738   0.963   0.000412073
0.882   0.963   0.000134464
0.891   0.963   0.000132923
0.999   0.963   0.000333435
1.008   0.963   0.00037249
1.134   0.963   0.000169938
1.143   0.963   0.00016733
1.287   0.963   0.000214375
1.296   0.963   0.000200564
1.413   0.963   8.52096e-05
1.422   0.963   6.17265e-05
1.467   0.963   5.36045e-05
1.476   0.963   7.26455e-05
1.53   0.963   8.10367e-05
0.171   0.972   8.80711e-05
0.207   0.972   0.00010214
0.216   0.972   7.42895e-05
0.297   0.972   6.33824e-05
0.351   0.972   0.000150155
0.36   0.972   0.000154693
0.441   0.972   0.000149909
0.45   0.972   0.000149051
0.459   0.972   0.000148547
0.468   0.972   0.000148246
0.477   0.972   0.000148064
0.486   0.972   0.000147977
0.495   0.972   0.000148023
0.513   0.972   0.000149339
0.522   0.972   0.000149795
0.72   0.972   0.000370944
0.729   0.972   0.000382361
0.891   0.972   0.000132232
0.9   0.972   0.000133116
0.99   0.972   0.000292387
0.999   0.972   0.00031503
1.134   0.972   0.00016816
1.143   0.972   0.000165626
1.296   0.972   0.000193033
1.305   0.972   0.000185542
1.404   0.972   6.67202e-05
1.485   0.972   5.27031e-05
1.494   0.972   7.04676e-05
1.53   0.972   7.66402e-05
0.171   0.981   7.53116e-05
0.189   0.981   8.97557e-05
0.198   0.981   6.95201e-05
0.306   0.981   5.70613e-05
0.315   0.981   7.89283e-05
0.342   0.981   0.00013218
0.351   0.981   0.00014361
0.468   0.981   0.000148534
0.477   0.981   0.000148248
0.486   0.981   0.00014809
0.495   0.981   0.000148074
0.504   0.981   0.000148338
0.513   0.981   0.000149243
0.711   0.981   0.000350906
0.72   0.981   0.00035923
0.891   0.981   0.000132171
0.9   0.981   0.000132774
0.981   0.981   0.000265267
0.99   0.981   0.000278527
1.134   0.981   0.000167474
1.143   0.981   0.000165014
1.305   0.981   0.000181073
1.314   0.981   0.000176465
1.386   0.981   8.41949e-05
1.395   0.981   6.03052e-05
1.503   0.981   5.3709e-05
1.53   0.981   6.94854e-05
0.171   0.99   5.63586e-05
0.18   0.99   5.48897e-05
0.324   0.99   5.87421e-05
0.333   0.99   8.13543e-05
0.342   0.99   0.000109393
0.504   0.99   0.000148766
0.513   0.99   0.000149332
0.522   0.99   0.000149449
0.702   0.99   0.000330677
0.711   0.99   0.000337827
0.891   0.99   0.000132881
0.9   0.99   0.000133261
0.972   0.99   0.000245471
0.981   0.99   0.000253694
1.134   0.99   0.000167762
1.143   0.99   0.000165388
1.314   0.99   0.000173281
1.323   0.99   0.000168476
1.368   0.99   8.65914e-05
1.377   0.99   6.2323e-05
1.512   0.99   4.68551e-05
1.521   0.99   5.76073e-05
1.53   0.99   5.63202e-05
0.171   0.999   3.18506e-05
0.342   0.999   6.70752e-05
0.522   0.999   0.000149065
0.531   0.999   0.000148781
0.693   0.999   0.000305106
0.702   0.999   0.000313142
0.891   0.999   0.00013498
0.9   0.999   0.000135134
0.963   0.999   0.000227449
0.972   0.999   0.000233395
1.143   0.999   0.000167467
1.152   0.999   0.000169918
1.323   0.999   0.000164499
1.332   0.999   0.000154627
1.359   0.999   6.87713e-05
1.53   0.999   3.2187e-05
0.351   1.008   7.72615e-05
0.531   1.008   0.000147065
0.54   1.008   0.000146786
0.684   1.008   0.000266437
0.693   1.008   0.000278722
0.891   1.008   0.000139992
0.9   1.008   0.000139871
0.954   1.008   0.000206179
0.963   1.008   0.000211436
1.143   1.008   0.000173187
1.152   1.008   0.00017468
1.332   1.008   0.00014604
1.341   1.008   0.000118572
1.35   1.008   6.9338e-05
0.36   1.017   0.000182361
0.531   1.017   0.000143177
0.54   1.017   0.000142475
0.675   1.017   0.000195134
0.684   1.017   0.000223829
0.9   1.017   0.000150866
0.909   1.017   0.000151876
0.945   1.017   0.000176899
0.954   1.017   0.000181443
1.152   1.017   0.000187144
1.161   1.017   0.00019014
1.341   1.017   9.59182e-05
0.36   1.026   0.000206914
0.54   1.026   0.000140484
0.549   1.026   0.000140148
0.666   1.026   0.000157423
0.675   1.026   0.000170821
0.9   1.026   0.000156069
0.909   1.026   0.000156443
0.936   1.026   0.000164082
0.945   1.026   0.000167246
1.143   1.026   0.000193074
1.152   1.026   0.000192589
1.161   1.026   0.000193018
1.17   1.026   0.000193669
1.341   1.026   8.94821e-05
0.36   1.035   0.000225078
0.522   1.035   0.000143772
0.531   1.035   0.000140873
0.549   1.035   0.000139032
0.558   1.035   0.000138845
0.657   1.035   0.000139861
0.666   1.035   0.000145974
0.909   1.035   0.000158446
0.918   1.035   0.000159014
0.927   1.035   0.000160093
0.936   1.035   0.000161409
1.134   1.035   0.000197752
1.143   1.035   0.000196016
1.161   1.035   0.000193608
1.17   1.035   0.000190945
1.179   1.035   0.000184207
1.341   1.035   8.75078e-05
0.36   1.044   0.000237495
0.513   1.044   0.000150487
0.522   1.044   0.00014376
0.531   1.044   0.000140637
0.54   1.044   0.000139187
0.558   1.044   0.000138137
0.567   1.044   0.000137794
0.648   1.044   0.000131865
0.657   1.044   0.000134636
0.909   1.044   0.00015934
0.918   1.044   0.000159442
0.927   1.044   0.000159783
1.125   1.044   0.000201515
1.134   1.044   0.000199139
1.179   1.044   0.000180166
1.188   1.044   0.000160937
1.278   1.044   0.000174327
1.287   1.044   0.000175949
1.296   1.044   0.000175291
1.305   1.044   0.000172508
1.314   1.044   0.000166546
1.323   1.044   0.000154751
1.332   1.044   0.000131712
1.341   1.044   8.68881e-05
0.36   1.053   0.000245398
0.504   1.053   0.00016551
0.513   1.053   0.000150802
0.54   1.053   0.000139069
0.549   1.053   0.000138297
0.558   1.053   0.000137822
0.567   1.053   0.000137322
0.576   1.053   0.000136434
0.639   1.053   0.000128294
0.648   1.053   0.000129529
0.918   1.053   0.000159649
0.927   1.053   0.00015963
0.936   1.053   0.000159577
1.107   1.053   0.000210576
1.116   1.053   0.000205309
1.125   1.053   0.000202183
1.188   1.053   0.000158512
1.197   1.053   0.000149436
1.206   1.053   0.000145516
1.215   1.053   0.000143914
1.224   1.053   0.000143379
1.233   1.053   0.000143487
1.242   1.053   0.000144389
1.251   1.053   0.000146894
1.26   1.053   0.000152964
1.269   1.053   0.000166837
1.278   1.053   0.000173162
1.287   1.053   0.000175435
1.296   1.053   0.000175173
1.305   1.053   0.00017257
1.314   1.053   0.00016663
1.323   1.053   0.000154753
1.332   1.053   0.000131608
1.341   1.053   8.67585e-05
0.36   1.062   0.000249751
0.495   1.062   0.00017417
0.504   1.062   0.000166136
0.549   1.062   0.000138305
0.558   1.062   0.000137763
0.567   1.062   0.000137178
0.576   1.062   0.000136174
0.585   1.062   0.000134112
0.594   1.062   0.000129715
0.603   1.062   0.000127772
0.612   1.062   0.000126962
0.63   1.062   0.000126808
0.639   1.062   0.000127303
0.927   1.062   0.000159628
0.936   1.062   0.000159334
0.945   1.062   0.000159285
1.017   1.062   0.000202618
1.026   1.062   0.000214741
1.035   1.062   0.00022159
1.044   1.062   0.00022538
1.053   1.062   0.000227314
1.062   1.062   0.000228016
1.071   1.062   0.000227737
1.08   1.062   0.000226444
1.089   1.062   0.000223804
1.098   1.062   0.000219052
1.107   1.062   0.000210707
1.116   1.062   0.000206057
1.197   1.062   0.00014937
1.206   1.062   0.000145172
1.215   1.062   0.000143395
1.224   1.062   0.000142782
1.233   1.062   0.000142904
1.242   1.062   0.000143906
1.251   1.062   0.00014659
1.26   1.062   0.000152903
1.269   1.062   0.000167052
1.341   1.062   8.69052e-05
0.36   1.071   0.000251108
0.486   1.071   0.000180278
0.495   1.071   0.000175382
0.576   1.071   0.000136234
0.585   1.071   0.000134092
0.594   1.071   0.000129611
0.603   1.071   0.000127592
0.612   1.071   0.000126721
0.621   1.071   0.000126422
0.63   1.071   0.000126487
0.918   1.071   0.000160224
0.927   1.071   0.000159806
0.936   1.071   0.000159293
0.945   1.071   0.000159047
0.999   1.071   0.000169662
1.008   1.071   0.000180498
1.017   1.071   0.000201889
1.026   1.071   0.000214029
1.035   1.071   0.000220916
1.044   1.071   0.000224766
1.053   1.071   0.000226799
1.062   1.071   0.000227656
1.071   1.071   0.000227611
1.08   1.071   0.000226648
1.089   1.071   0.000224432
1.098   1.071   0.000220173
1.341   1.071   8.73692e-05
0.36   1.08   0.00024962
0.477   1.08   0.00018658
0.486   1.08   0.000182759
0.585   1.08   0.000134446
0.594   1.08   0.000129878
0.621   1.08   0.00012654
0.63   1.08   0.00012658
0.909   1.08   0.000161621
0.918   1.08   0.000160996
0.945   1.08   0.000158875
0.954   1.08   0.000158668
0.99   1.08   0.000163696
0.999   1.08   0.000169368
1.008   1.08   0.000180509
1.017   1.08   0.000202338
1.026   1.08   0.000214883
1.341   1.08   8.84032e-05
0.36   1.089   0.000245048
0.468   1.089   0.000195901
0.477   1.089   0.000191658
0.576   1.089   0.000137726
0.585   1.089   0.000135396
0.612   1.089   0.000127499
0.621   1.089   0.000127131
0.63   1.089   0.000127147
0.639   1.089   0.000127559
0.9   1.089   0.00016451
0.909   1.089   0.000163638
0.954   1.089   0.000158054
0.963   1.089   0.000158041
0.981   1.089   0.00016006
0.99   1.089   0.000163101
1.026   1.089   0.000217707
1.035   1.089   0.000225585
1.341   1.089   9.06201e-05
0.36   1.098   0.000236763
0.459   1.098   0.000212384
0.468   1.098   0.000206113
0.567   1.098   0.000141417
0.576   1.098   0.000140092
0.603   1.098   0.000130054
0.612   1.098   0.000128981
0.639   1.098   0.000128941
0.648   1.098   0.000129963
0.891   1.098   0.000170252
0.9   1.098   0.000169054
0.954   1.098   0.000156716
0.963   1.098   0.000156475
0.972   1.098   0.000156984
0.981   1.098   0.000158514
1.035   1.098   0.00023293
1.044   1.098   0.000238174
1.341   1.098   9.54303e-05
0.36   1.107   0.000223802
0.45   1.107   0.000243493
0.459   1.107   0.000232725
0.558   1.107   0.000147684
0.567   1.107   0.000146749
0.594   1.107   0.000136176
0.603   1.107   0.000133431
0.648   1.107   0.000133053
0.657   1.107   0.000135238
0.882   1.107   0.000181571
0.891   1.107   0.000179796
0.954   1.107   0.000153656
0.963   1.107   0.000153146
0.972   1.107   0.000153588
1.044   1.107   0.000253528
1.053   1.107   0.000257134
1.341   1.107   0.000106188
0.36   1.116   0.000223061
0.369   1.116   0.000371807
0.441   1.116   0.000272719
0.45   1.116   0.000254816
0.549   1.116   0.000151421
0.558   1.116   0.000150429
0.585   1.116   0.000144719
0.594   1.116   0.000138223
0.657   1.116   0.000136772
0.666   1.116   0.00014118
0.873   1.116   0.000189199
0.882   1.116   0.000186481
0.954   1.116   0.000152507
0.963   1.116   0.000151786
0.972   1.116   0.000152184
1.053   1.116   0.000266746
1.062   1.116   0.000269198
1.341   1.116   0.000114861
0.36   1.125   0.000240861
0.369   1.125   0.00038108
0.378   1.125   0.000463988
0.387   1.125   0.000506542
0.396   1.125   0.000516125
0.405   1.125   0.000495347
0.432   1.125   0.000307515
0.441   1.125   0.000278326
0.54   1.125   0.000154601
0.549   1.125   0.000152938
0.576   1.125   0.000149351
0.585   1.125   0.000146208
0.666   1.125   0.000142139
0.675   1.125   0.000151088
0.864   1.125   0.000195865
0.873   1.125   0.000191575
0.945   1.125   0.000154943
0.954   1.125   0.000152326
0.963   1.125   0.000151481
1.062   1.125   0.000275564
1.071   1.125   0.000277408
1.332   1.125   0.000191107
1.341   1.125   0.000128734
0.351   1.134   0.000158391
0.378   1.134   0.000475366
0.387   1.134   0.000508905
0.396   1.134   0.000514309
0.405   1.134   0.000492619
0.414   1.134   0.000442157
0.423   1.134   0.000358376
0.432   1.134   0.000309973
0.531   1.134   0.000158985
0.54   1.134   0.000155595
0.567   1.134   0.000152015
0.576   1.134   0.000150593
0.675   1.134   0.000152159
0.684   1.134   0.000170864
0.819   1.134   0.000263464
0.828   1.134   0.000255194
0.837   1.134   0.000240942
0.846   1.134   0.000217094
0.855   1.134   0.000204098
0.864   1.134   0.000196981
0.936   1.134   0.000161808
0.945   1.134   0.000155581
1.071   1.134   0.000282064
1.08   1.134   0.000283824
1.323   1.134   0.000235695
1.332   1.134   0.000210133
1.35   1.134   9.43899e-05
0.342   1.143   0.000144369
0.414   1.143   0.000442997
0.423   1.143   0.000360022
0.522   1.143   0.000167072
0.531   1.143   0.000159893
0.558   1.143   0.000153836
0.567   1.143   0.000153218
0.684   1.143   0.000172548
0.693   1.143   0.000181539
0.756   1.143   0.000216624
0.765   1.143   0.000240104
0.774   1.143   0.000254015
0.783   1.143   0.000262038
0.792   1.143   0.000266211
0.801   1.143   0.00026756
0.81   1.143   0.0002664
0.819   1.143   0.000262425
0.828   1.143   0.000254606
0.837   1.143   0.00024089
0.846   1.143   0.000217562
0.855   1.143   0.000204979
0.927   1.143   0.000176681
0.936   1.143   0.000163243
1.08   1.143   0.000287665
1.089   1.143   0.000289802
1.314   1.143   0.000258908
1.323   1.143   0.000247149
1.359   1.143   0.000100227
0.324   1.152   8.63319e-05
0.333   1.152   0.00014424
0.513   1.152   0.000183589
0.522   1.152   0.000168394
0.549   1.152   0.000155643
0.558   1.152   0.000155084
0.693   1.152   0.000183602
0.702   1.152   0.000186929
0.747   1.152   0.000203276
0.756   1.152   0.000216252
0.765   1.152   0.000240095
0.774   1.152   0.000254399
0.783   1.152   0.000262764
0.792   1.152   0.000267209
0.801   1.152   0.000268772
0.81   1.152   0.000267789
0.918   1.152   0.000185992
0.927   1.152   0.000179271
1.089   1.152   0.000293161
1.098   1.152   0.000296054
1.305   1.152   0.000272983
1.314   1.152   0.000266269
1.368   1.152   0.000107867
0.315   1.161   8.70828e-05
0.504   1.161   0.000218548
0.513   1.161   0.000186444
0.549   1.161   0.000157041
0.558   1.161   0.000157031
0.702   1.161   0.000188347
0.711   1.161   0.000188657
0.738   1.161   0.000195198
0.747   1.161   0.000202694
0.909   1.161   0.000193131
0.918   1.161   0.000190192
1.098   1.161   0.00029837
1.107   1.161   0.000302396
1.296   1.161   0.000284109
1.305   1.161   0.000279041
1.377   1.161   0.000135976
1.386   1.161   9.16503e-05
0.297   1.17   6.64842e-05
0.306   1.17   0.000100161
0.495   1.17   0.000247896
0.504   1.17   0.000226119
0.54   1.17   0.000160428
0.549   1.17   0.000159237
0.711   1.17   0.000187918
0.72   1.17   0.000187503
0.729   1.17   0.000188989
0.738   1.17   0.000193109
0.9   1.17   0.00020078
0.909   1.17   0.000199772
1.107   1.17   0.000300876
1.116   1.17   0.000298513
1.278   1.17   0.000300894
1.287   1.17   0.000294399
1.296   1.17   0.000290593
1.395   1.17   0.000113084
1.404   1.17   7.51575e-05
0.279   1.179   4.5837e-05
0.288   1.179   7.13596e-05
0.486   1.179   0.000282459
0.495   1.179   0.000265853
0.54   1.179   0.000163559
0.549   1.179   0.000162738
0.711   1.179   0.000184895
0.72   1.179   0.000182914
0.729   1.179   0.000183908
0.891   1.179   0.000212279
0.9   1.179   0.00021181
1.116   1.179   0.00028762
1.125   1.179   0.000282207
1.269   1.179   0.000300493
1.278   1.179   0.000300845
1.287   1.179   0.000301976
1.413   1.179   7.55068e-05
1.422   1.179   4.83977e-05
0.279   1.188   4.81413e-05
0.288   1.188   7.56505e-05
0.477   1.188   0.000333906
0.486   1.188   0.000320127
0.54   1.188   0.000168777
0.549   1.188   0.000168396
0.72   1.188   0.000172592
0.729   1.188   0.000173036
0.891   1.188   0.000231953
0.9   1.188   0.000232002
1.125   1.188   0.000255915
1.134   1.188   0.000250935
1.26   1.188   0.000239771
1.269   1.188   0.000286794
1.413   1.188   6.61285e-05
1.422   1.188   4.33034e-05
0.297   1.197   7.41246e-05
0.306   1.197   0.000113083
0.468   1.197   0.000370982
0.477   1.197   0.000359953
0.54   1.197   0.000172656
0.549   1.197   0.000172722
0.72   1.197   0.000168921
0.729   1.197   0.000168876
0.882   1.197   0.000244413
0.891   1.197   0.000243454
1.134   1.197   0.000236094
1.143   1.197   0.00023219
1.251   1.197   0.000185852
1.26   1.197   0.000211956
1.395   1.197   8.36145e-05
1.404   1.197   5.83337e-05
0.315   1.206   9.3154e-05
0.324   1.206   0.000144904
0.459   1.206   0.000397879
0.468   1.206   0.000388977
0.54   1.206   0.000176251
0.549   1.206   0.000176672
0.72   1.206   0.000168797
0.729   1.206   0.00016838
0.882   1.206   0.000250896
0.891   1.206   0.000250051
1.143   1.206   0.000223544
1.152   1.206   0.000219874
1.242   1.206   0.000157123
1.251   1.206   0.000170051
1.377   1.206   9.13224e-05
1.386   1.206   6.33832e-05
0.333   1.215   0.000126478
0.45   1.215   0.000417478
0.459   1.215   0.000410153
0.54   1.215   0.000180697
0.549   1.215   0.000181298
0.72   1.215   0.000171263
0.729   1.215   0.000170652
0.882   1.215   0.000254301
0.891   1.215   0.000253528
1.152   1.215   0.000214722
1.161   1.215   0.000209991
1.197   1.215   0.000148484
1.206   1.215   0.00014352
1.215   1.215   0.00014186
1.224   1.215   0.000142111
1.233   1.215   0.00014436
1.242   1.215   0.000150231
1.368   1.215   7.80824e-05
0.342   1.224   0.000133925
0.441   1.224   0.000431405
0.45   1.224   0.000425396
0.549   1.224   0.000188359
0.558   1.224   0.000196121
0.711   1.224   0.000184515
0.72   1.224   0.000177094
0.882   1.224   0.000255497
0.891   1.224   0.00025474
1.161   1.224   0.000207239
1.17   1.224   0.000199843
1.179   1.224   0.000185947
1.188   1.224   0.00015906
1.197   1.224   0.000147481
1.206   1.224   0.000142839
1.215   1.224   0.000141388
1.224   1.224   0.000141734
1.233   1.224   0.000143969
1.242   1.224   0.000149739
1.359   1.224   8.77648e-05
0.351   1.233   0.000142623
0.432   1.233   0.000439747
0.441   1.233   0.0004353
0.558   1.233   0.000208269
0.567   1.233   0.000226713
0.702   1.233   0.000213832
0.711   1.233   0.000195985
0.882   1.233   0.000254668
0.891   1.233   0.00025387
1.17   1.233   0.000199872
1.179   1.233   0.00018755
1.188   1.233   0.000162193
1.242   1.233   0.000155391
1.251   1.233   0.000167745
1.35   1.233   0.000108753
0.36   1.242   0.000198709
0.432   1.242   0.00043821
0.441   1.242   0.000438919
0.567   1.242   0.000246983
0.576   1.242   0.000282582
0.693   1.242   0.000269179
0.702   1.242   0.000234078
0.882   1.242   0.000251338
0.891   1.242   0.000250447
1.161   1.242   0.000205612
1.17   1.242   0.00020203
1.179   1.242   0.000193466
1.251   1.242   0.000180498
1.26   1.242   0.000205404
1.341   1.242   0.000155884
0.36   1.251   0.000166482
0.423   1.251   0.000427441
0.432   1.251   0.000435987
0.576   1.251   0.000312925
0.585   1.251   0.000373649
0.684   1.251   0.000362097
0.693   1.251   0.000300804
0.882   1.251   0.000244194
0.891   1.251   0.000243175
1.152   1.251   0.000204249
1.161   1.251   0.000204475
1.17   1.251   0.000206032
1.26   1.251   0.00022526
1.269   1.251   0.000274528
1.341   1.251   0.000135655
0.36   1.26   0.000139908
0.414   1.26   0.000382505
0.423   1.26   0.000410453
0.585   1.26   0.000405149
0.594   1.26   0.000488508
0.675   1.26   0.000484195
0.684   1.26   0.000397322
0.882   1.26   0.000230667
0.891   1.26   0.000229526
1.152   1.26   0.000195527
1.161   1.26   0.000199812
1.269   1.26   0.000284753
1.278   1.26   0.000281428
1.341   1.26   0.000119172
0.36   1.269   0.000105096
0.405   1.269   0.000269874
0.414   1.269   0.000309232
0.594   1.269   0.000426096
0.603   1.269   0.000405725
0.666   1.269   0.000405648
0.675   1.269   0.000426473
0.882   1.269   0.000206168
0.891   1.269   0.000204973
1.143   1.269   0.000174894
1.152   1.269   0.000176202
1.278   1.269   0.000245958
1.287   1.269   0.000226068
1.341   1.269   9.61134e-05
0.36   1.278   8.99727e-05
0.396   1.278   0.00020468
0.405   1.278   0.000229917
0.603   1.278   0.000349486
0.612   1.278   0.000324139
0.657   1.278   0.000325121
0.666   1.278   0.000351612
0.882   1.278   0.000193829
0.891   1.278   0.000192541
1.143   1.278   0.000165558
1.152   1.278   0.000168707
1.287   1.278   0.000205848
1.296   1.278   0.000189866
1.341   1.278   8.61333e-05
0.36   1.287   8.3172e-05
0.387   1.287   0.000167808
0.396   1.287   0.000184682
0.612   1.287   0.000285503
0.621   1.287   0.000268433
0.648   1.287   0.000269339
0.657   1.287   0.000287505
0.882   1.287   0.00018765
0.891   1.287   0.000186281
1.143   1.287   0.000161537
1.152   1.287   0.000166226
1.296   1.287   0.000178497
1.305   1.287   0.000167293
1.341   1.287   8.16284e-05
0.36   1.296   7.98739e-05
0.378   1.296   0.000142811
0.387   1.296   0.000158027
0.621   1.296   0.000243588
0.63   1.296   0.000235614
0.639   1.296   0.000235996
0.648   1.296   0.000244917
0.882   1.296   0.000184546
0.891   1.296   0.000183139
1.134   1.296   0.000163195
1.143   1.296   0.000159526
1.305   1.296   0.000160729
1.314   1.296   0.000151461
1.341   1.296   7.93761e-05
0.36   1.305   7.78454e-05
0.369   1.305   0.000116706
0.378   1.305   0.000137539
0.63   1.305   0.000218593
0.639   1.305   0.000219075
0.882   1.305   0.000182947
0.891   1.305   0.000181564
0.918   1.305   0.000203768
0.927   1.305   0.000231308
1.134   1.305   0.000160424
1.143   1.305   0.000157832
1.314   1.305   0.000146919
1.323   1.305   0.000135757
1.341   1.305   7.78363e-05
0.36   1.314   7.57557e-05
0.369   1.314   0.000112812
0.63   1.314   0.000203249
0.639   1.314   0.000203796
0.882   1.314   0.000182065
0.891   1.314   0.000180783
0.9   1.314   0.000182931
0.909   1.314   0.000189452
0.918   1.314   0.000203339
0.927   1.314   0.000231013
0.936   1.314   0.000285319
1.134   1.314   0.000156249
1.143   1.314   0.000155434
1.323   1.314   0.000131182
1.332   1.314   0.00011282
1.341   1.314   7.59788e-05
0.36   1.323   7.21935e-05
0.63   1.323   0.00018344
0.639   1.323   0.000183995
0.882   1.323   0.000181519
0.891   1.323   0.000180432
0.9   1.323   0.000182744
0.909   1.323   0.000189449
0.936   1.323   0.000286075
0.945   1.323   0.000320337
1.134   1.323   0.000149053
1.143   1.323   0.000151439
1.332   1.323   0.000106665
1.341   1.323   7.25152e-05
0.36   1.332   6.45145e-05
0.63   1.332   0.000151975
0.639   1.332   0.000152449
0.882   1.332   0.000181163
0.891   1.332   0.00018038
0.945   1.332   0.000322746
0.954   1.332   0.000342756
0.963   1.332   0.000352927
0.972   1.332   0.000356338
1.134   1.332   0.000136029
1.143   1.332   0.000144672
1.341   1.332   6.48383e-05
0.36   1.341   4.62978e-05
0.369   1.341   6.46285e-05
0.378   1.341   7.27108e-05
0.387   1.341   7.73082e-05
0.396   1.341   8.17998e-05
0.405   1.341   8.92326e-05
0.414   1.341   0.000104675
0.423   1.341   0.000139174
0.432   1.341   0.000161594
0.441   1.341   0.000178883
0.45   1.341   0.000197352
0.459   1.341   0.000228133
0.576   1.341   0.000312191
0.585   1.341   0.000234269
0.594   1.341   0.000158592
0.603   1.341   0.000123903
0.612   1.341   0.000107721
0.621   1.341   0.000100345
0.63   1.341   9.75644e-05
0.639   1.341   9.78464e-05
0.648   1.341   0.000101399
0.657   1.341   0.000110362
0.666   1.341   0.000130375
0.675   1.341   0.000175161
0.684   1.341   0.000279881
0.882   1.341   0.000181017
0.891   1.341   0.000180651
0.954   1.341   0.000347508
0.963   1.341   0.00035397
0.972   1.341   0.000350528
0.981   1.341   0.000338572
1.017   1.341   0.000251551
1.026   1.341   0.00025645
1.035   1.341   0.000263504
1.044   1.341   0.000267857
1.053   1.341   0.000268186
1.062   1.341   0.000263888
1.071   1.341   0.000254227
1.08   1.341   0.000237965
1.089   1.341   0.000213011
1.098   1.341   0.00017583
1.107   1.341   0.000120107
1.116   1.341   9.74027e-05
1.125   1.341   9.30706e-05
1.134   1.341   0.000111808
1.242   1.341   0.000335472
1.251   1.341   0.000268962
1.26   1.341   0.000209242
1.269   1.341   0.000136471
1.278   1.341   0.000104333
1.287   1.341   8.98198e-05
1.296   1.341   8.30104e-05
1.305   1.341   7.93915e-05
1.314   1.341   7.65942e-05
1.323   1.341   7.27212e-05
1.332   1.341   6.48838e-05
1.341   1.341   4.65186e-05
0.468   1.35   0.000156631
0.567   1.35   0.000218963
0.693   1.35   0.000223659
0.882   1.35   0.000181288
0.891   1.35   0.000181429
0.981   1.35   0.000321838
0.99   1.35   0.000279093
1.008   1.35   0.000134323
1.134   1.35   6.74595e-05
1.233   1.35   0.000228257
0.477   1.359   0.000130531
0.558   1.359   0.000148161
0.702   1.359   0.000177802
0.882   1.359   0.000182457
0.891   1.359   0.000183128
0.99   1.359   0.00023731
0.999   1.359   0.000130503
1.143   1.359   8.90924e-05
1.224   1.359   0.000183706
0.486   1.368   0.000135054
0.549   1.368   0.000106647
0.711   1.368   0.000172113
0.882   1.368   0.000182732
0.891   1.368   0.000183849
0.99   1.368   0.000174229
1.152   1.368   0.000114098
1.215   1.368   0.000156793
0.486   1.377   8.26152e-05
0.54   1.377   0.00010086
0.711   1.377   0.00010129
0.882   1.377   0.000182584
0.891   1.377   0.000184001
0.99   1.377   0.000119261
1.161   1.377   0.000163641
1.206   1.377   0.000171326
0.495   1.386   8.10953e-05
0.54   1.386   6.38876e-05
0.72   1.386   0.00012424
0.873   1.386   0.000182645
0.882   1.386   0.00018222
0.981   1.386   0.000170917
1.161   1.386   0.000111286
1.206   1.386   0.000108411
0.504   1.395   8.65924e-05
0.531   1.395   7.62588e-05
0.72   1.395   8.23032e-05
0.873   1.395   0.00018193
0.882   1.395   0.000181694
0.981   1.395   0.000114112
1.17   1.395   0.000143552
1.197   1.395   0.000134808
0.504   1.404   5.79641e-05
0.531   1.404   5.2382e-05
0.729   1.404   0.000108953
0.873   1.404   0.000181118
0.882   1.404   0.000180955
0.972   1.404   0.000130061
1.17   1.404   9.22332e-05
1.197   1.404   8.66638e-05
0.513   1.413   5.307e-05
0.522   1.413   4.72867e-05
0.729   1.413   7.46596e-05
0.873   1.413   0.000180006
0.882   1.413   0.000179846
0.963   1.413   0.000166437
1.179   1.413   9.2774e-05
1.188   1.413   8.96579e-05
0.513   1.422   2.94596e-05
0.738   1.422   8.30888e-05
0.873   1.422   0.000178233
0.882   1.422   0.000178046
0.963   1.422   0.000110938
1.179   1.422   5.6095e-05
1.188   1.422   5.44927e-05
0.747   1.431   0.000109874
0.873   1.431   0.000175146
0.882   1.431   0.000174933
0.954   1.431   0.000148245
0.747   1.44   8.91049e-05
0.873   1.44   0.00016951
0.882   1.44   0.000169289
0.954   1.44   9.77113e-05
0.747   1.449   8.31305e-05
0.873   1.449   0.000166594
0.882   1.449   0.000166375
0.918   1.449   0.000176349
0.927   1.449   0.000185014
0.936   1.449   0.000197671
0.945   1.449   0.000150816
0.747   1.458   8.49291e-05
0.873   1.458   0.000165061
0.882   1.458   0.000164853
0.909   1.458   0.000169494
0.918   1.458   0.000174796
0.927   1.458   0.000184502
0.936   1.458   0.000201912
0.945   1.458   0.000173911
0.954   1.458   9.75091e-05
0.738   1.467   5.54449e-05
0.873   1.467   0.000164213
0.882   1.467   0.000164009
0.9   1.467   0.000165917
0.909   1.467   0.000168988
0.963   1.467   8.5575e-05
0.738   1.476   7.39449e-05
0.873   1.476   0.000163657
0.882   1.476   0.000163425
0.891   1.476   0.000163893
0.9   1.476   0.000165393
0.963   1.476   0.000123721
0.729   1.485   5.35091e-05
0.873   1.485   0.000163132
0.882   1.485   0.000162793
0.891   1.485   0.00016315
0.972   1.485   8.7878e-05
0.729   1.494   7.17165e-05
0.873   1.494   0.000162407
0.882   1.494   0.000161801
0.972   1.494   0.00012319
0.72   1.503   5.47894e-05
0.837   1.503   0.00017837
0.846   1.503   0.000169925
0.882   1.503   0.00016002
0.891   1.503   0.000159276
0.981   1.503   8.72527e-05
0.711   1.512   4.7792e-05
0.819   1.512   0.000181312
0.828   1.512   0.000181767
0.837   1.512   0.000178374
0.846   1.512   0.000169567
0.855   1.512   0.00016456
0.891   1.512   0.000154393
0.9   1.512   0.000152407
0.99   1.512   6.8732e-05
0.711   1.521   5.89768e-05
0.81   1.521   0.000171595
0.819   1.521   0.000179343
0.828   1.521   0.000182308
0.855   1.521   0.000163053
0.864   1.521   0.000158963
0.9   1.521   0.000138549
0.909   1.521   0.00013289
0.99   1.521   8.09394e-05
0.702   1.53   3.29999e-05
0.711   1.53   5.81022e-05
0.72   1.53   7.19372e-05
0.729   1.53   7.94196e-05
0.738   1.53   8.3754e-05
0.747   1.53   8.67414e-05
0.756   1.53   8.93449e-05
0.765   1.53   9.09582e-05
0.774   1.53   9.3729e-05
0.783   1.53   9.77401e-05
0.792   1.53   0.000107103
0.801   1.53   0.000136431
0.81   1.53   0.000161359
0.864   1.53   0.000154514
0.873   1.53   0.000148743
0.909   1.53   9.16554e-05
0.918   1.53   8.84556e-05
0.927   1.53   9.2725e-05
0.936   1.53   0.000104918
0.945   1.53   0.000110243
0.954   1.53   0.000110592
0.963   1.53   0.000106777
0.972   1.53   9.87247e-05
0.981   1.53   8.54878e-05
0.99   1.53   6.48778e-05
0.999   1.53   3.3669e-05
0.801   1.539   8.05201e-05
0.873   1.539   0.000140661
0.882   1.539   0.000126589
0.9   1.539   6.55036e-05
0.81   1.548   8.05535e-05
0.882   1.548   0.000106508
0.891   1.548   6.43198e-05
0.819   1.557   0.000100455
0.882   1.557   7.96205e-05
0.819   1.566   7.06518e-05
0.882   1.566   5.69481e-05
0.828   1.575   9.18343e-05
0.873   1.575   6.204e-05
0.828   1.584   6.39438e-05
0.864   1.584   7.5979e-05
0.837   1.593   6.33119e-05
0.864   1.593   5.37696e-05
0.846   1.602   5.94559e-05
0.855   1.602   5.88776e-05
0.846   1.611   3.97114e-05
0.855   1.611   3.96069e-05
